$ANSIBLE_VAULT;1.1;AES256
32663462336137393362306436373661346235303134343762306139383834346538393661353034
6432663032626137323563666530353034323462383031640a383030353537626666366163653236
65653062656139626435636237303936333765333530616263336665353830376638363237396238
6665383036396330610a353066346634323330353633326262323034613662363461323039633731
30643666623934323165626265623736383032363139343734623266326363393031613663376163
31396535396135323533366135613331633338336238303533626436626266623762323338613565
64303637343533396434633638323734613131383366323331383838633164663430363237623331
61363734613261623534663365626236393536643231393732313034666437313031663263633662
65636231346237376231653334663139636430306235613265336136383961666438333436653463
65333737636536376362666665663435376665336630356465356633363438613930643763626334
33316331643635336334646130396636343538393533663631373130336366363464323335666266
38646265663535316335343562366138383264383464326131323235373931313464336432653365
62363264373633343630336236316364396330666537346430663861643039333165633934646663
34333530343261346137613636633938636136326635383262616538386239313239343438303333
30666131613764326131343362656638666134373362613733373133613361653337643639303264
30333630396439396436
